3
1024
0
50 1 16.8 76.6 3.3 0 0 0 0 0 0 
50 1 40.2 29.4 120.4 0 0 0 0 0 0 
50 1 63.4 219.1 37.4 0 0 0 0 0 0 
50 1 103.1 0.9 207.6 0 0 0 0 0 0 
50 1 221.2 242.4 84.6 0 0 0 0 0 0 
50 1 176.4 97.2 27.4 0 0 0 0 0 0 
50 1 128.3 126.4 194.6 0 0 0 0 0 0 
50 1 226.8 97.8 0.7 0 0 0 0 0 0 
50 1 14.7 68.0 81.5 0 0 0 0 0 0 
50 1 168.3 133.7 160.0 0 0 0 0 0 0 
50 1 87.4 135.9 219.7 0 0 0 0 0 0 
50 1 211.8 167.6 201.2 0 0 0 0 0 0 
50 1 158.4 154.5 241.2 0 0 0 0 0 0 
50 1 189.4 136.0 215.7 0 0 0 0 0 0 
50 1 153.0 53.5 170.6 0 0 0 0 0 0 
50 1 183.6 101.9 186.9 0 0 0 0 0 0 
50 1 45.9 162.8 244.9 0 0 0 0 0 0 
50 1 21.8 198.2 83.7 0 0 0 0 0 0 
50 1 54.9 23.9 220.4 0 0 0 0 0 0 
50 1 6.3 41.0 241.6 0 0 0 0 0 0 
50 1 245.8 94.0 231.3 0 0 0 0 0 0 
50 1 11.2 89.2 106.0 0 0 0 0 0 0 
50 1 241.4 232.1 110.4 0 0 0 0 0 0 
50 1 209.1 100.4 70.9 0 0 0 0 0 0 
50 1 145.0 101.1 96.3 0 0 0 0 0 0 
50 1 194.9 159.6 145.1 0 0 0 0 0 0 
50 1 21.0 214.7 38.9 0 0 0 0 0 0 
50 1 60.7 197.2 64.6 0 0 0 0 0 0 
50 1 176.6 194.2 128.0 0 0 0 0 0 0 
50 1 99.2 7.2 50.9 0 0 0 0 0 0 
50 1 158.2 202.6 85.4 0 0 0 0 0 0 
50 1 187.2 62.7 90.0 0 0 0 0 0 0 
50 1 123.7 89.2 241.8 0 0 0 0 0 0 
50 1 2.6 126.6 180.6 0 0 0 0 0 0 
50 1 16.8 235.4 77.3 0 0 0 0 0 0 
50 1 10.8 37.9 94.1 0 0 0 0 0 0 
50 1 156.9 230.3 225.0 0 0 0 0 0 0 
50 1 84.2 163.9 200.9 0 0 0 0 0 0 
50 1 57.8 123.8 123.9 0 0 0 0 0 0 
50 1 197.4 3.7 54.0 0 0 0 0 0 0 
50 1 59.3 117.1 66.7 0 0 0 0 0 0 
50 1 146.3 32.4 194.4 0 0 0 0 0 0 
50 1 199.9 246.4 125.9 0 0 0 0 0 0 
50 1 171.6 170.4 150.4 0 0 0 0 0 0 
50 1 243.3 82.0 240.7 0 0 0 0 0 0 
50 1 198.9 98.7 136.8 0 0 0 0 0 0 
50 1 148.5 119.1 37.0 0 0 0 0 0 0 
50 1 156.9 232.6 151.0 0 0 0 0 0 0 
50 1 155.0 226.9 124.4 0 0 0 0 0 0 
50 1 25.3 23.8 61.6 0 0 0 0 0 0 
50 1 3.0 138.0 203.5 0 0 0 0 0 0 
50 1 35.3 101.0 184.2 0 0 0 0 0 0 
50 1 55.3 149.6 12.8 0 0 0 0 0 0 
50 1 199.8 102.9 224.2 0 0 0 0 0 0 
50 1 149.5 2.1 84.5 0 0 0 0 0 0 
50 1 21.2 200.5 117.1 0 0 0 0 0 0 
50 1 146.9 44.8 242.9 0 0 0 0 0 0 
50 1 33.2 125.2 49.4 0 0 0 0 0 0 
50 1 61.8 202.1 105.4 0 0 0 0 0 0 
50 1 220.1 138.3 236.7 0 0 0 0 0 0 
50 1 63.9 12.4 230.9 0 0 0 0 0 0 
50 1 248.7 73.1 89.0 0 0 0 0 0 0 
50 1 219.7 17.8 195.9 0 0 0 0 0 0 
50 1 213.8 99.8 100.9 0 0 0 0 0 0 
50 1 193.5 122.5 201.3 0 0 0 0 0 0 
50 1 205.8 214.0 50.0 0 0 0 0 0 0 
50 1 31.4 188.6 143.8 0 0 0 0 0 0 
50 1 208.3 226.2 203.7 0 0 0 0 0 0 
50 1 183.3 224.6 245.3 0 0 0 0 0 0 
50 1 125.8 122.5 107.8 0 0 0 0 0 0 
50 1 121.0 4.0 35.5 0 0 0 0 0 0 
50 1 164.4 9.7 79.9 0 0 0 0 0 0 
50 1 230.6 105.3 135.4 0 0 0 0 0 0 
50 1 148.7 42.6 24.2 0 0 0 0 0 0 
50 1 10.4 69.1 150.7 0 0 0 0 0 0 
50 1 169.6 169.7 81.6 0 0 0 0 0 0 
50 1 53.1 172.6 137.3 0 0 0 0 0 0 
50 1 201.0 166.9 109.1 0 0 0 0 0 0 
50 1 119.4 48.2 34.9 0 0 0 0 0 0 
50 1 185.3 20.0 75.8 0 0 0 0 0 0 
50 1 1.6 68.3 187.2 0 0 0 0 0 0 
50 1 171.6 139.7 83.2 0 0 0 0 0 0 
50 1 82.7 134.0 18.9 0 0 0 0 0 0 
50 1 57.3 240.5 118.9 0 0 0 0 0 0 
50 1 60.0 2.0 16.1 0 0 0 0 0 0 
50 1 22.1 117.6 15.5 0 0 0 0 0 0 
50 1 75.7 218.7 170.8 0 0 0 0 0 0 
50 1 180.6 93.8 151.0 0 0 0 0 0 0 
50 1 12.8 224.3 166.3 0 0 0 0 0 0 
50 1 203.0 52.2 121.9 0 0 0 0 0 0 
50 1 174.6 62.2 103.5 0 0 0 0 0 0 
50 1 206.3 208.0 55.4 0 0 0 0 0 0 
50 1 48.0 69.2 218.9 0 0 0 0 0 0 
50 1 34.5 72.0 82.0 0 0 0 0 0 0 
50 1 93.7 10.6 235.8 0 0 0 0 0 0 
50 1 60.1 143.1 89.1 0 0 0 0 0 0 
50 1 169.9 224.4 104.0 0 0 0 0 0 0 
50 1 23.4 85.7 40.6 0 0 0 0 0 0 
50 1 241.3 74.6 30.1 0 0 0 0 0 0 
50 1 73.7 31.8 211.6 0 0 0 0 0 0 
50 1 20.5 21.1 243.7 0 0 0 0 0 0 
50 1 69.2 185.8 76.1 0 0 0 0 0 0 
50 1 83.3 28.9 126.7 0 0 0 0 0 0 
50 1 36.1 208.3 170.0 0 0 0 0 0 0 
50 1 155.3 243.6 124.3 0 0 0 0 0 0 
50 1 144.4 144.3 177.3 0 0 0 0 0 0 
50 1 198.1 102.1 88.8 0 0 0 0 0 0 
50 1 221.2 30.5 181.8 0 0 0 0 0 0 
50 1 188.9 199.1 202.9 0 0 0 0 0 0 
50 1 115.3 54.4 165.3 0 0 0 0 0 0 
50 1 217.4 138.4 98.8 0 0 0 0 0 0 
50 1 169.9 77.5 84.5 0 0 0 0 0 0 
50 1 160.7 241.2 42.3 0 0 0 0 0 0 
50 1 227.8 158.2 82.6 0 0 0 0 0 0 
50 1 172.7 24.1 165.2 0 0 0 0 0 0 
50 1 200.3 168.5 100.2 0 0 0 0 0 0 
50 1 194.4 165.3 179.8 0 0 0 0 0 0 
50 1 108.2 76.7 180.0 0 0 0 0 0 0 
50 1 115.4 202.4 82.6 0 0 0 0 0 0 
50 1 138.1 41.4 20.9 0 0 0 0 0 0 
50 1 159.0 0.0 183.8 0 0 0 0 0 0 
50 1 170.9 134.4 38.3 0 0 0 0 0 0 
50 1 193.2 78.0 14.5 0 0 0 0 0 0 
50 1 119.6 4.9 228.6 0 0 0 0 0 0 
50 1 32.5 141.1 22.4 0 0 0 0 0 0 
50 1 239.8 66.8 53.0 0 0 0 0 0 0 
50 1 210.2 45.9 174.4 0 0 0 0 0 0 
50 1 215.7 39.0 167.2 0 0 0 0 0 0 
50 1 12.1 61.7 77.7 0 0 0 0 0 0 
50 1 139.7 216.2 52.1 0 0 0 0 0 0 
50 1 36.1 4.6 201.9 0 0 0 0 0 0 
50 1 119.7 201.6 221.0 0 0 0 0 0 0 
50 1 218.2 158.6 216.2 0 0 0 0 0 0 
50 1 0.1 4.5 7.1 0 0 0 0 0 0 
50 1 53.4 186.2 198.5 0 0 0 0 0 0 
50 1 190.3 245.3 214.4 0 0 0 0 0 0 
50 1 12.2 77.9 221.2 0 0 0 0 0 0 
50 1 75.1 31.8 139.9 0 0 0 0 0 0 
50 1 131.9 80.0 162.9 0 0 0 0 0 0 
50 1 169.4 96.1 62.8 0 0 0 0 0 0 
50 1 151.0 150.5 196.4 0 0 0 0 0 0 
50 1 192.6 201.2 50.2 0 0 0 0 0 0 
50 1 207.6 16.3 203.5 0 0 0 0 0 0 
50 1 14.1 4.6 198.6 0 0 0 0 0 0 
50 1 28.3 76.3 145.0 0 0 0 0 0 0 
50 1 53.7 239.8 110.7 0 0 0 0 0 0 
50 1 217.5 122.4 15.3 0 0 0 0 0 0 
50 1 192.5 65.9 72.6 0 0 0 0 0 0 
50 1 105.3 104.6 179.6 0 0 0 0 0 0 
50 1 211.2 77.8 121.7 0 0 0 0 0 0 
50 1 82.3 23.5 173.2 0 0 0 0 0 0 
50 1 182.4 171.2 61.7 0 0 0 0 0 0 
50 1 210.5 190.0 196.0 0 0 0 0 0 0 
50 1 155.6 172.6 80.5 0 0 0 0 0 0 
50 1 172.5 190.7 86.6 0 0 0 0 0 0 
50 1 76.4 7.0 23.8 0 0 0 0 0 0 
50 1 158.3 82.3 62.9 0 0 0 0 0 0 
50 1 183.6 64.3 109.6 0 0 0 0 0 0 
50 1 96.3 114.3 176.4 0 0 0 0 0 0 
50 1 126.2 71.9 9.8 0 0 0 0 0 0 
50 1 13.0 71.6 93.3 0 0 0 0 0 0 
50 1 206.4 245.2 202.0 0 0 0 0 0 0 
50 1 123.6 44.5 95.8 0 0 0 0 0 0 
50 1 106.5 202.6 28.1 0 0 0 0 0 0 
50 1 43.5 244.9 26.4 0 0 0 0 0 0 
50 1 238.0 33.3 128.0 0 0 0 0 0 0 
50 1 161.1 32.6 37.8 0 0 0 0 0 0 
50 1 116.8 87.6 228.5 0 0 0 0 0 0 
50 1 97.0 157.8 187.6 0 0 0 0 0 0 
50 1 72.3 163.4 152.8 0 0 0 0 0 0 
50 1 160.9 91.9 201.0 0 0 0 0 0 0 
50 1 182.6 33.1 112.2 0 0 0 0 0 0 
50 1 69.7 120.0 140.6 0 0 0 0 0 0 
50 1 50.0 213.2 220.4 0 0 0 0 0 0 
50 1 115.6 88.3 99.8 0 0 0 0 0 0 
50 1 177.4 111.8 52.2 0 0 0 0 0 0 
50 1 224.8 209.6 112.0 0 0 0 0 0 0 
50 1 132.5 60.8 127.6 0 0 0 0 0 0 
50 1 213.0 213.1 241.3 0 0 0 0 0 0 
50 1 170.0 232.0 41.0 0 0 0 0 0 0 
50 1 139.7 49.6 26.6 0 0 0 0 0 0 
50 1 239.2 98.8 99.7 0 0 0 0 0 0 
50 1 75.4 2.2 100.9 0 0 0 0 0 0 
50 1 161.3 236.3 107.5 0 0 0 0 0 0 
50 1 25.9 201.4 184.6 0 0 0 0 0 0 
50 1 189.8 204.7 233.5 0 0 0 0 0 0 
50 1 29.6 42.1 218.1 0 0 0 0 0 0 
50 1 157.1 189.2 117.8 0 0 0 0 0 0 
50 1 118.4 106.1 241.8 0 0 0 0 0 0 
50 1 0.7 154.5 29.5 0 0 0 0 0 0 
50 1 239.6 54.7 149.8 0 0 0 0 0 0 
50 1 77.8 85.5 47.8 0 0 0 0 0 0 
50 1 2.2 32.9 73.5 0 0 0 0 0 0 
50 1 51.0 110.5 173.4 0 0 0 0 0 0 
50 1 53.5 117.6 240.4 0 0 0 0 0 0 
50 1 172.2 70.2 49.9 0 0 0 0 0 0 
50 1 41.8 114.9 45.3 0 0 0 0 0 0 
50 1 20.6 178.1 235.5 0 0 0 0 0 0 
50 1 64.8 179.2 4.4 0 0 0 0 0 0 
50 1 152.8 187.9 188.1 0 0 0 0 0 0 
50 1 249.1 41.4 242.3 0 0 0 0 0 0 
50 1 217.9 45.3 168.4 0 0 0 0 0 0 
50 1 77.2 135.6 18.2 0 0 0 0 0 0 
50 1 48.1 92.8 155.6 0 0 0 0 0 0 
50 1 213.8 1.8 241.5 0 0 0 0 0 0 
50 1 91.9 203.2 148.8 0 0 0 0 0 0 
50 1 101.1 55.5 59.3 0 0 0 0 0 0 
50 1 124.3 197.2 41.2 0 0 0 0 0 0 
50 1 97.3 11.8 230.4 0 0 0 0 0 0 
50 1 138.5 6.1 136.9 0 0 0 0 0 0 
50 1 164.3 199.5 109.7 0 0 0 0 0 0 
50 1 25.3 145.0 243.8 0 0 0 0 0 0 
50 1 154.3 83.9 9.5 0 0 0 0 0 0 
50 1 23.1 65.1 209.0 0 0 0 0 0 0 
50 1 130.8 231.1 157.1 0 0 0 0 0 0 
50 1 37.9 38.5 0.0 0 0 0 0 0 0 
50 1 98.1 87.1 168.0 0 0 0 0 0 0 
50 1 174.9 163.6 4.6 0 0 0 0 0 0 
50 1 153.2 174.0 162.4 0 0 0 0 0 0 
50 1 36.4 163.9 111.2 0 0 0 0 0 0 
50 1 108.7 2.6 227.4 0 0 0 0 0 0 
50 1 188.7 112.7 52.9 0 0 0 0 0 0 
50 1 213.5 17.1 124.5 0 0 0 0 0 0 
50 1 214.6 160.5 172.9 0 0 0 0 0 0 
50 1 129.6 122.9 144.1 0 0 0 0 0 0 
50 1 46.5 79.2 190.9 0 0 0 0 0 0 
50 1 24.7 207.7 218.0 0 0 0 0 0 0 
50 1 4.3 173.2 21.3 0 0 0 0 0 0 
50 1 147.9 144.6 158.1 0 0 0 0 0 0 
50 1 125.8 182.0 226.6 0 0 0 0 0 0 
50 1 155.5 243.0 163.1 0 0 0 0 0 0 
50 1 95.1 24.3 91.9 0 0 0 0 0 0 
50 1 196.1 112.0 193.3 0 0 0 0 0 0 
50 1 139.8 68.1 57.0 0 0 0 0 0 0 
50 1 190.7 106.5 217.6 0 0 0 0 0 0 
50 1 38.2 106.0 90.0 0 0 0 0 0 0 
50 1 78.4 13.3 104.0 0 0 0 0 0 0 
50 1 54.5 243.0 151.8 0 0 0 0 0 0 
50 1 136.2 32.6 85.0 0 0 0 0 0 0 
50 1 205.3 41.8 80.2 0 0 0 0 0 0 
50 1 167.9 16.7 248.1 0 0 0 0 0 0 
50 1 155.1 232.2 117.6 0 0 0 0 0 0 
50 1 248.1 147.2 184.2 0 0 0 0 0 0 
50 1 9.0 42.4 31.7 0 0 0 0 0 0 
50 1 90.3 134.4 10.3 0 0 0 0 0 0 
50 1 135.7 21.4 62.9 0 0 0 0 0 0 
50 1 181.7 24.6 80.9 0 0 0 0 0 0 
50 1 78.0 7.2 222.6 0 0 0 0 0 0 
50 1 49.5 72.6 48.6 0 0 0 0 0 0 
50 1 138.4 176.0 142.5 0 0 0 0 0 0 
50 1 38.5 34.9 147.1 0 0 0 0 0 0 
50 1 72.4 183.7 45.3 0 0 0 0 0 0 
50 1 131.6 112.4 237.4 0 0 0 0 0 0 
50 1 158.3 205.8 55.1 0 0 0 0 0 0 
50 1 49.0 175.1 76.0 0 0 0 0 0 0 
50 1 47.3 214.2 141.3 0 0 0 0 0 0 
50 1 31.3 108.1 39.2 0 0 0 0 0 0 
50 1 105.1 33.2 148.6 0 0 0 0 0 0 
50 1 214.7 117.1 19.8 0 0 0 0 0 0 
50 1 164.9 70.5 162.4 0 0 0 0 0 0 
50 1 244.4 162.4 44.7 0 0 0 0 0 0 
50 1 50.9 75.1 26.3 0 0 0 0 0 0 
50 1 75.0 58.3 3.8 0 0 0 0 0 0 
50 1 234.4 126.8 216.7 0 0 0 0 0 0 
50 1 191.1 138.9 139.9 0 0 0 0 0 0 
50 1 21.0 237.8 105.5 0 0 0 0 0 0 
50 1 1.8 191.6 238.6 0 0 0 0 0 0 
50 1 75.5 119.3 139.9 0 0 0 0 0 0 
50 1 207.2 43.5 74.1 0 0 0 0 0 0 
50 1 239.2 198.8 164.3 0 0 0 0 0 0 
50 1 198.9 153.1 108.1 0 0 0 0 0 0 
50 1 206.0 49.5 83.3 0 0 0 0 0 0 
50 1 103.9 17.2 200.0 0 0 0 0 0 0 
50 1 226.4 6.7 81.0 0 0 0 0 0 0 
50 1 65.8 106.7 66.9 0 0 0 0 0 0 
50 1 239.2 126.8 89.0 0 0 0 0 0 0 
50 1 8.3 34.6 62.3 0 0 0 0 0 0 
50 1 68.7 143.4 2.4 0 0 0 0 0 0 
50 1 102.3 144.0 8.0 0 0 0 0 0 0 
50 1 212.3 2.0 109.8 0 0 0 0 0 0 
50 1 183.1 81.9 106.6 0 0 0 0 0 0 
50 1 211.6 212.4 158.3 0 0 0 0 0 0 
50 1 64.9 63.1 237.2 0 0 0 0 0 0 
50 1 17.2 106.5 101.6 0 0 0 0 0 0 
50 1 120.3 233.7 240.9 0 0 0 0 0 0 
50 1 46.8 213.5 61.6 0 0 0 0 0 0 
50 1 132.9 242.1 133.8 0 0 0 0 0 0 
50 1 103.2 245.3 121.3 0 0 0 0 0 0 
50 1 93.9 188.3 167.7 0 0 0 0 0 0 
50 1 139.7 216.6 120.5 0 0 0 0 0 0 
50 1 186.5 157.0 31.5 0 0 0 0 0 0 
50 1 28.0 109.4 50.7 0 0 0 0 0 0 
50 1 38.4 11.8 50.5 0 0 0 0 0 0 
50 1 106.0 156.2 199.6 0 0 0 0 0 0 
50 1 186.2 167.7 83.9 0 0 0 0 0 0 
50 1 244.0 180.7 163.6 0 0 0 0 0 0 
50 1 10.1 20.3 4.3 0 0 0 0 0 0 
50 1 239.8 68.3 149.7 0 0 0 0 0 0 
50 1 82.8 174.7 46.1 0 0 0 0 0 0 
50 1 243.8 110.3 225.5 0 0 0 0 0 0 
50 1 136.0 195.8 148.6 0 0 0 0 0 0 
50 1 200.3 220.8 217.8 0 0 0 0 0 0 
50 1 243.9 247.7 243.5 0 0 0 0 0 0 
50 1 230.1 136.0 142.9 0 0 0 0 0 0 
50 1 159.9 98.9 133.2 0 0 0 0 0 0 
50 1 145.8 80.1 64.2 0 0 0 0 0 0 
50 1 85.5 20.2 79.9 0 0 0 0 0 0 
50 1 111.8 206.9 152.9 0 0 0 0 0 0 
50 1 216.4 128.2 160.4 0 0 0 0 0 0 
50 1 177.3 185.7 13.2 0 0 0 0 0 0 
50 1 42.5 105.0 26.8 0 0 0 0 0 0 
50 1 71.2 24.9 200.2 0 0 0 0 0 0 
50 1 118.2 90.5 109.1 0 0 0 0 0 0 
50 1 100.7 19.2 16.7 0 0 0 0 0 0 
50 1 209.2 40.4 187.0 0 0 0 0 0 0 
50 1 77.4 78.6 226.2 0 0 0 0 0 0 
50 1 71.0 4.2 222.8 0 0 0 0 0 0 
50 1 110.7 208.1 228.6 0 0 0 0 0 0 
50 1 144.7 239.2 17.4 0 0 0 0 0 0 
50 1 87.3 60.7 34.2 0 0 0 0 0 0 
50 1 169.7 238.8 71.6 0 0 0 0 0 0 
50 1 180.2 150.7 92.1 0 0 0 0 0 0 
50 1 154.7 81.7 12.0 0 0 0 0 0 0 
50 1 238.3 162.5 105.1 0 0 0 0 0 0 
50 1 199.9 220.2 235.1 0 0 0 0 0 0 
50 1 110.2 46.7 158.5 0 0 0 0 0 0 
50 1 84.4 233.7 100.5 0 0 0 0 0 0 
50 1 103.4 227.2 243.5 0 0 0 0 0 0 
50 1 81.8 206.2 224.0 0 0 0 0 0 0 
50 1 59.5 102.8 96.4 0 0 0 0 0 0 
50 1 98.0 0.8 238.9 0 0 0 0 0 0 
50 1 90.1 162.7 76.3 0 0 0 0 0 0 
50 1 156.9 39.2 73.4 0 0 0 0 0 0 
50 1 53.5 230.3 239.3 0 0 0 0 0 0 
50 1 63.5 50.9 31.1 0 0 0 0 0 0 
50 1 193.6 52.2 81.1 0 0 0 0 0 0 
50 1 155.6 229.5 238.8 0 0 0 0 0 0 
50 1 95.8 4.0 57.1 0 0 0 0 0 0 
50 1 4.3 2.4 127.4 0 0 0 0 0 0 
50 1 3.8 144.5 93.3 0 0 0 0 0 0 
50 1 46.4 43.2 169.6 0 0 0 0 0 0 
50 1 191.6 66.6 81.9 0 0 0 0 0 0 
50 1 187.8 235.0 173.8 0 0 0 0 0 0 
50 1 30.2 208.9 180.1 0 0 0 0 0 0 
50 1 36.3 73.5 224.1 0 0 0 0 0 0 
50 1 202.7 156.5 129.6 0 0 0 0 0 0 
50 1 238.7 27.0 103.5 0 0 0 0 0 0 
50 1 226.6 247.1 42.3 0 0 0 0 0 0 
50 1 189.3 23.6 158.2 0 0 0 0 0 0 
50 1 108.5 229.9 155.1 0 0 0 0 0 0 
50 1 235.4 106.1 177.1 0 0 0 0 0 0 
50 1 11.0 209.8 243.3 0 0 0 0 0 0 
50 1 63.0 78.5 181.0 0 0 0 0 0 0 
50 1 109.1 128.4 195.1 0 0 0 0 0 0 
50 1 106.2 195.4 82.5 0 0 0 0 0 0 
50 1 202.1 85.3 86.6 0 0 0 0 0 0 
50 1 51.1 152.9 116.4 0 0 0 0 0 0 
50 1 155.8 73.2 47.5 0 0 0 0 0 0 
50 1 95.9 169.9 195.4 0 0 0 0 0 0 
50 1 205.4 84.5 123.2 0 0 0 0 0 0 
50 1 127.1 212.1 61.5 0 0 0 0 0 0 
50 1 32.3 199.7 133.9 0 0 0 0 0 0 
50 1 69.5 33.5 140.2 0 0 0 0 0 0 
50 1 180.7 225.3 203.1 0 0 0 0 0 0 
50 1 248.8 21.3 146.8 0 0 0 0 0 0 
50 1 178.8 177.0 103.5 0 0 0 0 0 0 
50 1 61.0 176.4 156.7 0 0 0 0 0 0 
50 1 14.9 182.6 75.5 0 0 0 0 0 0 
50 1 47.2 145.5 236.2 0 0 0 0 0 0 
50 1 67.4 33.0 98.0 0 0 0 0 0 0 
50 1 202.8 164.3 207.7 0 0 0 0 0 0 
50 1 20.8 138.2 214.5 0 0 0 0 0 0 
50 1 153.6 149.8 15.8 0 0 0 0 0 0 
50 1 77.1 107.8 237.4 0 0 0 0 0 0 
50 1 221.2 22.4 154.9 0 0 0 0 0 0 
50 1 44.3 92.2 133.4 0 0 0 0 0 0 
50 1 19.3 170.7 215.6 0 0 0 0 0 0 
50 1 177.5 11.3 4.3 0 0 0 0 0 0 
50 1 24.7 26.3 222.6 0 0 0 0 0 0 
50 1 13.7 197.4 97.8 0 0 0 0 0 0 
50 1 144.9 20.5 86.4 0 0 0 0 0 0 
50 1 138.8 132.1 131.2 0 0 0 0 0 0 
50 1 199.3 39.7 12.2 0 0 0 0 0 0 
50 1 208.7 35.9 12.9 0 0 0 0 0 0 
50 1 213.7 123.9 9.5 0 0 0 0 0 0 
50 1 209.5 65.7 115.4 0 0 0 0 0 0 
50 1 240.8 182.5 215.4 0 0 0 0 0 0 
50 1 245.8 73.8 6.8 0 0 0 0 0 0 
50 1 246.2 48.3 129.2 0 0 0 0 0 0 
50 1 246.4 228.6 243.4 0 0 0 0 0 0 
50 1 193.8 193.9 36.7 0 0 0 0 0 0 
50 1 82.8 132.0 207.2 0 0 0 0 0 0 
50 1 235.7 179.4 128.8 0 0 0 0 0 0 
50 1 69.3 68.8 95.8 0 0 0 0 0 0 
50 1 200.1 55.7 174.0 0 0 0 0 0 0 
50 1 186.1 140.1 242.5 0 0 0 0 0 0 
50 1 25.5 118.9 14.3 0 0 0 0 0 0 
50 1 158.5 14.3 244.6 0 0 0 0 0 0 
50 1 10.9 112.0 238.0 0 0 0 0 0 0 
50 1 47.4 75.2 132.5 0 0 0 0 0 0 
50 1 9.9 22.2 34.8 0 0 0 0 0 0 
50 1 172.6 170.0 113.6 0 0 0 0 0 0 
50 1 54.2 109.9 206.1 0 0 0 0 0 0 
50 1 95.9 217.9 136.7 0 0 0 0 0 0 
50 1 170.9 88.4 220.0 0 0 0 0 0 0 
50 1 71.0 153.4 54.9 0 0 0 0 0 0 
50 1 210.3 59.6 137.1 0 0 0 0 0 0 
50 1 64.7 234.9 78.7 0 0 0 0 0 0 
50 1 115.8 154.2 91.7 0 0 0 0 0 0 
50 1 171.0 181.6 186.9 0 0 0 0 0 0 
50 1 46.0 35.1 123.6 0 0 0 0 0 0 
50 1 56.2 130.4 244.9 0 0 0 0 0 0 
50 1 165.9 189.6 101.8 0 0 0 0 0 0 
50 1 121.8 98.2 80.4 0 0 0 0 0 0 
50 1 129.8 240.5 0.8 0 0 0 0 0 0 
50 1 23.8 137.2 227.4 0 0 0 0 0 0 
50 1 126.9 91.0 141.8 0 0 0 0 0 0 
50 1 218.7 22.3 187.6 0 0 0 0 0 0 
50 1 168.7 122.2 70.9 0 0 0 0 0 0 
50 1 239.2 42.4 28.7 0 0 0 0 0 0 
50 1 113.7 38.5 57.3 0 0 0 0 0 0 
50 1 177.8 161.3 124.9 0 0 0 0 0 0 
50 1 48.8 67.3 71.8 0 0 0 0 0 0 
50 1 131.1 45.5 152.0 0 0 0 0 0 0 
50 1 135.7 227.5 226.1 0 0 0 0 0 0 
50 1 36.7 70.3 101.6 0 0 0 0 0 0 
50 1 62.7 168.6 67.0 0 0 0 0 0 0 
50 1 215.0 69.1 50.7 0 0 0 0 0 0 
50 1 39.8 228.5 212.7 0 0 0 0 0 0 
50 1 187.7 221.0 23.5 0 0 0 0 0 0 
50 1 162.0 150.4 227.7 0 0 0 0 0 0 
50 1 206.0 45.3 150.4 0 0 0 0 0 0 
50 1 158.4 227.6 206.8 0 0 0 0 0 0 
50 1 4.4 97.9 160.5 0 0 0 0 0 0 
50 1 100.1 159.5 111.6 0 0 0 0 0 0 
50 1 74.8 224.9 43.1 0 0 0 0 0 0 
50 1 100.1 230.6 132.2 0 0 0 0 0 0 
50 1 237.2 236.4 169.0 0 0 0 0 0 0 
50 1 213.0 48.8 161.5 0 0 0 0 0 0 
50 1 141.9 175.2 209.4 0 0 0 0 0 0 
50 1 159.4 59.5 160.5 0 0 0 0 0 0 
50 1 40.8 114.0 182.8 0 0 0 0 0 0 
50 1 105.2 40.6 146.0 0 0 0 0 0 0 
50 1 121.2 174.3 205.9 0 0 0 0 0 0 
50 1 8.8 44.3 90.5 0 0 0 0 0 0 
50 1 22.1 70.8 206.8 0 0 0 0 0 0 
50 1 8.0 26.0 69.5 0 0 0 0 0 0 
50 1 33.9 2.7 200.1 0 0 0 0 0 0 
50 1 249.7 118.1 155.7 0 0 0 0 0 0 
50 1 120.9 169.9 84.8 0 0 0 0 0 0 
50 1 86.2 69.0 229.2 0 0 0 0 0 0 
50 1 214.5 87.9 155.0 0 0 0 0 0 0 
50 1 94.4 72.8 96.4 0 0 0 0 0 0 
50 1 72.6 197.3 66.7 0 0 0 0 0 0 
50 1 24.4 9.8 89.7 0 0 0 0 0 0 
50 1 247.4 227.0 205.3 0 0 0 0 0 0 
50 1 112.1 166.5 162.8 0 0 0 0 0 0 
50 1 60.3 86.9 58.0 0 0 0 0 0 0 
50 1 65.8 118.5 68.7 0 0 0 0 0 0 
50 1 21.4 67.2 73.0 0 0 0 0 0 0 
50 1 227.5 78.1 65.7 0 0 0 0 0 0 
50 1 56.7 69.1 13.7 0 0 0 0 0 0 
50 1 182.9 73.1 17.5 0 0 0 0 0 0 
50 1 163.9 149.5 133.3 0 0 0 0 0 0 
50 1 38.5 109.3 161.6 0 0 0 0 0 0 
50 1 2.0 81.7 163.3 0 0 0 0 0 0 
50 1 157.3 79.6 30.8 0 0 0 0 0 0 
50 1 157.8 76.7 74.8 0 0 0 0 0 0 
50 1 36.0 211.6 90.6 0 0 0 0 0 0 
50 1 159.2 152.4 226.9 0 0 0 0 0 0 
50 1 25.5 170.1 77.2 0 0 0 0 0 0 
50 1 87.0 224.9 98.5 0 0 0 0 0 0 
50 1 105.8 125.1 80.6 0 0 0 0 0 0 
50 1 127.1 110.7 195.4 0 0 0 0 0 0 
50 1 208.2 234.4 183.0 0 0 0 0 0 0 
50 1 76.0 117.1 247.9 0 0 0 0 0 0 
50 1 74.5 5.9 245.7 0 0 0 0 0 0 
50 1 173.7 177.5 244.6 0 0 0 0 0 0 
50 1 214.5 21.7 44.4 0 0 0 0 0 0 
50 1 7.2 71.9 169.8 0 0 0 0 0 0 
50 1 150.2 79.9 189.9 0 0 0 0 0 0 
50 1 135.3 229.2 57.4 0 0 0 0 0 0 
50 1 183.8 72.9 6.2 0 0 0 0 0 0 
50 1 223.6 28.9 191.9 0 0 0 0 0 0 
50 1 225.7 71.8 145.5 0 0 0 0 0 0 
50 1 59.1 138.9 124.4 0 0 0 0 0 0 
50 1 196.1 86.6 223.0 0 0 0 0 0 0 
50 1 26.7 43.6 202.8 0 0 0 0 0 0 
50 1 237.8 88.4 85.7 0 0 0 0 0 0 
50 1 0.7 191.3 107.6 0 0 0 0 0 0 
50 1 166.4 150.4 72.4 0 0 0 0 0 0 
50 1 219.9 132.9 101.0 0 0 0 0 0 0 
50 1 59.9 22.5 65.0 0 0 0 0 0 0 
50 1 60.8 224.8 228.7 0 0 0 0 0 0 
50 1 15.5 188.6 26.8 0 0 0 0 0 0 
50 1 38.8 249.0 121.4 0 0 0 0 0 0 
50 1 44.8 156.2 52.8 0 0 0 0 0 0 
50 1 154.7 174.0 8.0 0 0 0 0 0 0 
50 1 129.0 127.5 247.1 0 0 0 0 0 0 
50 1 159.5 125.0 212.4 0 0 0 0 0 0 
50 1 122.9 32.3 137.5 0 0 0 0 0 0 
50 1 186.9 63.6 237.6 0 0 0 0 0 0 
50 1 84.5 200.9 223.2 0 0 0 0 0 0 
50 1 82.7 22.7 83.7 0 0 0 0 0 0 
50 1 18.7 248.2 84.5 0 0 0 0 0 0 
50 1 234.0 91.3 42.1 0 0 0 0 0 0 
50 1 70.5 162.1 230.3 0 0 0 0 0 0 
50 1 161.1 35.4 168.6 0 0 0 0 0 0 
50 1 45.6 3.1 120.2 0 0 0 0 0 0 
50 1 7.7 117.3 16.6 0 0 0 0 0 0 
50 1 18.5 194.0 183.0 0 0 0 0 0 0 
50 1 87.0 176.6 137.2 0 0 0 0 0 0 
50 1 220.0 135.9 108.2 0 0 0 0 0 0 
50 1 245.9 125.9 166.2 0 0 0 0 0 0 
50 1 80.2 146.7 122.4 0 0 0 0 0 0 
50 1 84.1 139.3 120.5 0 0 0 0 0 0 
50 1 133.3 92.2 117.2 0 0 0 0 0 0 
50 1 247.3 118.8 140.0 0 0 0 0 0 0 
50 1 209.5 152.9 82.6 0 0 0 0 0 0 
50 1 21.2 237.7 165.9 0 0 0 0 0 0 
50 1 172.0 21.7 214.5 0 0 0 0 0 0 
50 1 178.4 193.9 20.7 0 0 0 0 0 0 
50 1 107.2 65.3 40.4 0 0 0 0 0 0 
50 1 36.7 249.4 192.6 0 0 0 0 0 0 
50 1 29.3 42.8 19.3 0 0 0 0 0 0 
50 1 67.8 161.4 9.3 0 0 0 0 0 0 
50 1 212.5 42.9 193.6 0 0 0 0 0 0 
50 1 29.6 206.6 130.2 0 0 0 0 0 0 
50 1 220.0 25.9 227.3 0 0 0 0 0 0 
50 1 32.7 79.4 150.2 0 0 0 0 0 0 
50 1 37.2 31.9 69.5 0 0 0 0 0 0 
50 1 178.8 213.5 239.2 0 0 0 0 0 0 
50 1 206.5 113.5 50.0 0 0 0 0 0 0 
50 1 15.7 65.1 75.5 0 0 0 0 0 0 
50 1 74.8 18.3 204.7 0 0 0 0 0 0 
50 1 29.7 183.6 62.8 0 0 0 0 0 0 
50 1 48.2 151.4 181.7 0 0 0 0 0 0 
50 1 96.3 146.2 162.5 0 0 0 0 0 0 
50 1 71.4 17.3 211.5 0 0 0 0 0 0 
50 1 29.7 58.9 232.7 0 0 0 0 0 0 
50 1 16.7 211.1 32.7 0 0 0 0 0 0 
50 1 154.6 229.1 238.4 0 0 0 0 0 0 
50 1 216.2 213.3 249.5 0 0 0 0 0 0 
50 1 35.7 62.9 190.7 0 0 0 0 0 0 
50 1 113.0 212.8 73.2 0 0 0 0 0 0 
50 1 90.7 202.5 161.6 0 0 0 0 0 0 
50 1 104.9 155.1 221.6 0 0 0 0 0 0 
50 1 71.6 109.2 106.1 0 0 0 0 0 0 
50 1 184.0 199.8 125.9 0 0 0 0 0 0 
50 1 171.7 149.2 149.1 0 0 0 0 0 0 
50 1 123.6 127.7 64.8 0 0 0 0 0 0 
50 1 12.8 87.5 143.5 0 0 0 0 0 0 
50 1 63.5 73.0 202.0 0 0 0 0 0 0 
50 1 33.3 191.7 49.6 0 0 0 0 0 0 
50 1 55.6 40.0 217.6 0 0 0 0 0 0 
50 1 242.7 71.0 215.7 0 0 0 0 0 0 
50 1 147.2 1.2 144.1 0 0 0 0 0 0 
50 1 248.2 16.9 218.8 0 0 0 0 0 0 
50 1 91.4 77.4 178.9 0 0 0 0 0 0 
50 1 24.0 246.5 8.4 0 0 0 0 0 0 
50 1 16.9 170.1 22.9 0 0 0 0 0 0 
50 1 178.9 154.0 188.0 0 0 0 0 0 0 
50 1 123.5 192.7 188.6 0 0 0 0 0 0 
50 1 230.3 14.4 19.8 0 0 0 0 0 0 
50 1 145.6 177.7 99.2 0 0 0 0 0 0 
50 1 44.3 79.3 156.1 0 0 0 0 0 0 
50 1 45.2 180.8 23.7 0 0 0 0 0 0 
50 1 15.7 133.5 118.4 0 0 0 0 0 0 
50 1 52.2 161.9 236.1 0 0 0 0 0 0 
50 1 121.7 15.5 158.9 0 0 0 0 0 0 
50 1 138.6 159.8 161.3 0 0 0 0 0 0 
50 1 62.6 70.9 174.5 0 0 0 0 0 0 
50 1 153.2 41.6 242.1 0 0 0 0 0 0 
50 1 108.5 5.2 150.6 0 0 0 0 0 0 
50 1 196.6 149.0 77.3 0 0 0 0 0 0 
50 1 1.2 122.2 165.8 0 0 0 0 0 0 
50 1 12.6 166.1 169.6 0 0 0 0 0 0 
50 1 124.4 209.2 215.4 0 0 0 0 0 0 
50 1 215.8 218.4 64.9 0 0 0 0 0 0 
50 1 158.9 112.6 168.6 0 0 0 0 0 0 
50 1 14.1 0.8 106.5 0 0 0 0 0 0 
50 1 211.5 88.5 132.0 0 0 0 0 0 0 
50 1 139.4 201.5 79.8 0 0 0 0 0 0 
50 1 33.3 85.8 174.3 0 0 0 0 0 0 
50 1 164.6 135.4 164.4 0 0 0 0 0 0 
50 1 71.5 43.2 155.8 0 0 0 0 0 0 
50 1 235.1 193.1 124.1 0 0 0 0 0 0 
50 1 125.2 38.4 94.3 0 0 0 0 0 0 
50 1 179.9 14.3 229.8 0 0 0 0 0 0 
50 1 12.9 140.3 109.9 0 0 0 0 0 0 
50 1 154.8 87.0 210.0 0 0 0 0 0 0 
50 1 145.8 153.9 16.9 0 0 0 0 0 0 
50 1 193.2 17.0 203.1 0 0 0 0 0 0 
50 1 158.9 108.3 21.8 0 0 0 0 0 0 
50 1 193.7 220.5 123.6 0 0 0 0 0 0 
50 1 105.3 198.4 32.2 0 0 0 0 0 0 
50 1 245.8 78.1 101.0 0 0 0 0 0 0 
50 1 184.1 240.3 240.2 0 0 0 0 0 0 
50 1 124.4 198.6 70.5 0 0 0 0 0 0 
50 1 76.5 243.6 147.7 0 0 0 0 0 0 
50 1 213.8 140.9 10.0 0 0 0 0 0 0 
50 1 9.9 102.2 57.8 0 0 0 0 0 0 
50 1 149.2 173.7 116.3 0 0 0 0 0 0 
50 1 113.3 238.5 146.5 0 0 0 0 0 0 
50 1 22.0 25.5 39.7 0 0 0 0 0 0 
50 1 190.9 82.6 203.8 0 0 0 0 0 0 
50 1 155.5 24.1 158.4 0 0 0 0 0 0 
50 1 202.8 221.3 163.3 0 0 0 0 0 0 
50 1 103.5 98.6 160.6 0 0 0 0 0 0 
50 1 245.8 139.8 93.8 0 0 0 0 0 0 
50 1 8.6 23.0 85.1 0 0 0 0 0 0 
50 1 241.3 26.7 132.9 0 0 0 0 0 0 
50 1 162.6 169.0 107.3 0 0 0 0 0 0 
50 1 65.3 161.4 17.5 0 0 0 0 0 0 
50 1 135.0 27.9 142.0 0 0 0 0 0 0 
50 1 186.5 95.3 160.7 0 0 0 0 0 0 
50 1 185.4 5.8 174.3 0 0 0 0 0 0 
50 1 86.0 32.5 40.0 0 0 0 0 0 0 
50 1 12.2 135.3 169.5 0 0 0 0 0 0 
50 1 163.5 118.7 119.3 0 0 0 0 0 0 
50 1 116.2 171.9 103.5 0 0 0 0 0 0 
50 1 61.5 147.0 224.7 0 0 0 0 0 0 
50 1 12.9 117.6 124.2 0 0 0 0 0 0 
50 1 167.4 167.9 135.7 0 0 0 0 0 0 
50 1 222.1 82.3 56.4 0 0 0 0 0 0 
50 1 154.0 0.1 247.9 0 0 0 0 0 0 
50 1 196.4 150.3 86.8 0 0 0 0 0 0 
50 1 146.5 158.4 104.1 0 0 0 0 0 0 
50 1 243.5 164.1 177.6 0 0 0 0 0 0 
50 1 137.0 176.7 204.4 0 0 0 0 0 0 
50 1 65.8 58.8 212.8 0 0 0 0 0 0 
50 1 188.6 99.6 10.6 0 0 0 0 0 0 
50 1 154.5 223.1 27.5 0 0 0 0 0 0 
50 1 147.9 77.4 65.7 0 0 0 0 0 0 
50 1 199.0 69.8 166.7 0 0 0 0 0 0 
50 1 233.0 6.4 88.1 0 0 0 0 0 0 
50 1 56.1 48.8 61.4 0 0 0 0 0 0 
50 1 79.9 25.9 236.2 0 0 0 0 0 0 
50 1 13.4 39.4 35.3 0 0 0 0 0 0 
50 1 188.2 87.5 100.1 0 0 0 0 0 0 
50 1 16.7 217.3 178.0 0 0 0 0 0 0 
50 1 178.6 146.9 173.3 0 0 0 0 0 0 
50 1 170.3 33.8 189.0 0 0 0 0 0 0 
50 1 208.9 84.3 35.5 0 0 0 0 0 0 
50 1 169.7 14.9 136.0 0 0 0 0 0 0 
50 1 47.8 190.4 228.6 0 0 0 0 0 0 
50 1 101.7 243.3 208.6 0 0 0 0 0 0 
50 1 131.5 0.8 65.5 0 0 0 0 0 0 
50 1 220.7 9.6 21.2 0 0 0 0 0 0 
50 1 114.6 200.5 47.0 0 0 0 0 0 0 
50 1 26.4 5.0 212.2 0 0 0 0 0 0 
50 1 33.1 95.1 41.1 0 0 0 0 0 0 
50 1 17.9 245.4 225.9 0 0 0 0 0 0 
50 1 47.3 49.1 51.6 0 0 0 0 0 0 
50 1 108.8 102.8 70.7 0 0 0 0 0 0 
50 1 186.0 228.4 111.7 0 0 0 0 0 0 
50 1 119.8 79.4 236.9 0 0 0 0 0 0 
50 1 114.9 105.1 10.5 0 0 0 0 0 0 
50 1 31.6 50.3 201.4 0 0 0 0 0 0 
50 1 238.5 89.0 249.0 0 0 0 0 0 0 
50 1 120.9 76.1 146.2 0 0 0 0 0 0 
50 1 211.4 232.4 204.9 0 0 0 0 0 0 
50 1 134.1 71.8 237.1 0 0 0 0 0 0 
50 1 230.1 249.7 66.5 0 0 0 0 0 0 
50 1 103.9 10.9 67.7 0 0 0 0 0 0 
50 1 218.3 13.5 185.3 0 0 0 0 0 0 
50 1 82.0 42.3 163.3 0 0 0 0 0 0 
50 1 16.3 166.1 206.3 0 0 0 0 0 0 
50 1 177.0 126.1 170.3 0 0 0 0 0 0 
50 1 230.8 189.7 240.7 0 0 0 0 0 0 
50 1 166.3 166.4 179.0 0 0 0 0 0 0 
50 1 151.9 221.2 34.6 0 0 0 0 0 0 
50 1 168.2 19.8 19.3 0 0 0 0 0 0 
50 1 188.5 43.6 33.9 0 0 0 0 0 0 
50 1 203.0 92.8 142.3 0 0 0 0 0 0 
50 1 157.2 220.7 183.3 0 0 0 0 0 0 
50 1 21.9 80.0 93.8 0 0 0 0 0 0 
50 1 158.4 80.2 84.0 0 0 0 0 0 0 
50 1 103.4 58.7 149.5 0 0 0 0 0 0 
50 1 148.0 223.6 143.6 0 0 0 0 0 0 
50 1 232.9 55.2 188.5 0 0 0 0 0 0 
50 1 170.7 22.3 19.4 0 0 0 0 0 0 
50 1 237.4 56.2 198.6 0 0 0 0 0 0 
50 1 102.3 116.2 178.7 0 0 0 0 0 0 
50 1 121.5 125.4 4.0 0 0 0 0 0 0 
50 1 133.7 123.9 163.7 0 0 0 0 0 0 
50 1 232.0 239.2 39.1 0 0 0 0 0 0 
50 1 142.6 233.6 102.2 0 0 0 0 0 0 
50 1 95.2 62.6 133.2 0 0 0 0 0 0 
50 1 236.7 108.9 177.2 0 0 0 0 0 0 
50 1 135.3 224.0 230.1 0 0 0 0 0 0 
50 1 25.3 125.2 35.9 0 0 0 0 0 0 
50 1 134.4 56.0 81.3 0 0 0 0 0 0 
50 1 249.3 195.6 247.5 0 0 0 0 0 0 
50 1 76.3 66.0 115.9 0 0 0 0 0 0 
50 1 97.6 203.2 52.1 0 0 0 0 0 0 
50 1 162.1 24.5 17.5 0 0 0 0 0 0 
50 1 67.0 180.1 144.3 0 0 0 0 0 0 
50 1 235.3 163.5 157.9 0 0 0 0 0 0 
50 1 76.2 17.3 185.6 0 0 0 0 0 0 
50 1 107.3 133.2 242.1 0 0 0 0 0 0 
50 1 132.6 14.0 132.3 0 0 0 0 0 0 
50 1 40.3 140.9 215.7 0 0 0 0 0 0 
50 1 148.7 84.6 88.5 0 0 0 0 0 0 
50 1 20.6 108.0 82.5 0 0 0 0 0 0 
50 1 128.7 34.6 68.3 0 0 0 0 0 0 
50 1 56.1 201.6 197.0 0 0 0 0 0 0 
50 1 189.7 6.3 32.8 0 0 0 0 0 0 
50 1 167.6 169.2 214.1 0 0 0 0 0 0 
50 1 47.8 243.3 46.7 0 0 0 0 0 0 
50 1 150.9 157.2 19.1 0 0 0 0 0 0 
50 1 216.4 67.8 170.3 0 0 0 0 0 0 
50 1 245.9 92.5 55.9 0 0 0 0 0 0 
50 1 67.3 109.4 55.5 0 0 0 0 0 0 
50 1 175.0 46.4 11.7 0 0 0 0 0 0 
50 1 27.6 35.8 136.2 0 0 0 0 0 0 
50 1 118.8 207.7 37.0 0 0 0 0 0 0 
50 1 237.8 180.4 15.8 0 0 0 0 0 0 
50 1 37.8 50.4 244.9 0 0 0 0 0 0 
50 1 57.1 22.4 181.9 0 0 0 0 0 0 
50 1 177.5 125.5 33.6 0 0 0 0 0 0 
50 1 184.3 29.3 27.0 0 0 0 0 0 0 
50 1 51.6 78.2 95.1 0 0 0 0 0 0 
50 1 236.9 63.1 10.2 0 0 0 0 0 0 
50 1 195.1 41.8 209.9 0 0 0 0 0 0 
50 1 179.0 67.3 224.3 0 0 0 0 0 0 
50 1 142.4 161.0 194.1 0 0 0 0 0 0 
50 1 109.1 245.2 186.9 0 0 0 0 0 0 
50 1 155.4 41.1 53.9 0 0 0 0 0 0 
50 1 159.0 79.7 107.8 0 0 0 0 0 0 
50 1 182.0 150.2 181.9 0 0 0 0 0 0 
50 1 73.1 102.5 35.5 0 0 0 0 0 0 
50 1 54.9 65.7 36.0 0 0 0 0 0 0 
50 1 231.4 163.2 137.2 0 0 0 0 0 0 
50 1 44.9 206.1 239.5 0 0 0 0 0 0 
50 1 17.2 189.2 198.3 0 0 0 0 0 0 
50 1 1.8 194.5 90.1 0 0 0 0 0 0 
50 1 31.6 66.9 76.3 0 0 0 0 0 0 
50 1 235.1 69.7 134.4 0 0 0 0 0 0 
50 1 215.3 134.7 104.5 0 0 0 0 0 0 
50 1 200.3 121.8 176.9 0 0 0 0 0 0 
50 1 14.3 129.9 48.1 0 0 0 0 0 0 
50 1 152.6 38.6 233.7 0 0 0 0 0 0 
50 1 70.8 126.9 128.6 0 0 0 0 0 0 
50 1 171.2 172.1 191.7 0 0 0 0 0 0 
50 1 192.6 172.2 62.5 0 0 0 0 0 0 
50 1 126.9 184.7 106.4 0 0 0 0 0 0 
50 1 36.6 232.7 0.9 0 0 0 0 0 0 
50 1 186.4 122.6 148.7 0 0 0 0 0 0 
50 1 243.4 238.3 154.0 0 0 0 0 0 0 
50 1 0.3 30.1 38.9 0 0 0 0 0 0 
50 1 156.5 129.1 195.8 0 0 0 0 0 0 
50 1 217.5 83.3 226.1 0 0 0 0 0 0 
50 1 62.8 37.5 67.7 0 0 0 0 0 0 
50 1 71.3 153.8 171.1 0 0 0 0 0 0 
50 1 76.2 99.6 27.4 0 0 0 0 0 0 
50 1 103.5 142.2 134.1 0 0 0 0 0 0 
50 1 17.7 192.4 149.2 0 0 0 0 0 0 
50 1 54.4 128.6 113.5 0 0 0 0 0 0 
50 1 152.1 92.2 36.0 0 0 0 0 0 0 
50 1 242.3 237.6 27.1 0 0 0 0 0 0 
50 1 219.8 58.4 247.2 0 0 0 0 0 0 
50 1 135.1 146.4 45.6 0 0 0 0 0 0 
50 1 126.4 185.6 39.4 0 0 0 0 0 0 
50 1 117.5 209.0 215.2 0 0 0 0 0 0 
50 1 119.9 179.0 18.7 0 0 0 0 0 0 
50 1 96.3 10.8 242.4 0 0 0 0 0 0 
50 1 156.9 129.8 34.8 0 0 0 0 0 0 
50 1 145.9 207.9 121.5 0 0 0 0 0 0 
50 1 112.2 225.8 23.0 0 0 0 0 0 0 
50 1 48.4 213.1 24.1 0 0 0 0 0 0 
50 1 214.8 120.6 244.3 0 0 0 0 0 0 
50 1 237.8 164.9 4.9 0 0 0 0 0 0 
50 1 24.3 163.0 5.9 0 0 0 0 0 0 
50 1 127.1 2.0 232.6 0 0 0 0 0 0 
50 1 129.7 58.6 58.2 0 0 0 0 0 0 
50 1 236.5 197.5 217.0 0 0 0 0 0 0 
50 1 182.5 120.6 152.4 0 0 0 0 0 0 
50 1 191.2 181.7 160.6 0 0 0 0 0 0 
50 1 118.7 249.9 93.9 0 0 0 0 0 0 
50 1 21.4 154.4 111.4 0 0 0 0 0 0 
50 1 172.3 30.9 226.5 0 0 0 0 0 0 
50 1 167.9 109.1 129.9 0 0 0 0 0 0 
50 1 51.4 160.2 58.4 0 0 0 0 0 0 
50 1 32.3 164.3 91.2 0 0 0 0 0 0 
50 1 154.2 104.6 68.5 0 0 0 0 0 0 
50 1 152.8 93.0 90.0 0 0 0 0 0 0 
50 1 189.5 65.3 63.9 0 0 0 0 0 0 
50 1 154.2 202.4 106.1 0 0 0 0 0 0 
50 1 150.8 157.8 216.6 0 0 0 0 0 0 
50 1 44.9 162.3 121.9 0 0 0 0 0 0 
50 1 119.2 13.2 229.2 0 0 0 0 0 0 
50 1 135.3 19.3 145.6 0 0 0 0 0 0 
50 1 208.1 168.5 117.4 0 0 0 0 0 0 
50 1 235.6 183.9 0.3 0 0 0 0 0 0 
50 1 100.3 209.6 202.5 0 0 0 0 0 0 
50 1 199.7 100.7 67.9 0 0 0 0 0 0 
50 1 31.0 249.7 163.7 0 0 0 0 0 0 
50 1 212.0 56.2 218.7 0 0 0 0 0 0 
50 1 45.8 11.0 135.6 0 0 0 0 0 0 
50 1 196.4 211.3 36.9 0 0 0 0 0 0 
50 1 182.2 16.1 162.7 0 0 0 0 0 0 
50 1 123.2 7.4 6.6 0 0 0 0 0 0 
50 1 43.7 120.8 56.4 0 0 0 0 0 0 
50 1 8.7 14.7 219.1 0 0 0 0 0 0 
50 1 188.9 153.4 23.5 0 0 0 0 0 0 
50 1 88.9 244.7 38.0 0 0 0 0 0 0 
50 1 29.7 234.5 238.0 0 0 0 0 0 0 
50 1 34.3 158.2 80.1 0 0 0 0 0 0 
50 1 133.0 125.9 121.1 0 0 0 0 0 0 
50 1 117.2 207.4 48.7 0 0 0 0 0 0 
50 1 115.1 7.4 36.2 0 0 0 0 0 0 
50 1 36.3 6.8 221.5 0 0 0 0 0 0 
50 1 204.0 53.1 67.5 0 0 0 0 0 0 
50 1 76.7 90.3 201.2 0 0 0 0 0 0 
50 1 239.8 72.3 18.5 0 0 0 0 0 0 
50 1 223.2 22.3 39.6 0 0 0 0 0 0 
50 1 243.7 231.8 5.1 0 0 0 0 0 0 
50 1 168.4 42.2 16.0 0 0 0 0 0 0 
50 1 162.3 123.0 36.0 0 0 0 0 0 0 
50 1 21.2 221.4 142.2 0 0 0 0 0 0 
50 1 122.7 170.7 178.4 0 0 0 0 0 0 
50 1 224.2 207.8 190.5 0 0 0 0 0 0 
50 1 162.0 53.0 134.3 0 0 0 0 0 0 
50 1 66.2 200.1 96.8 0 0 0 0 0 0 
50 1 135.9 124.9 133.8 0 0 0 0 0 0 
50 1 245.9 127.5 140.2 0 0 0 0 0 0 
50 1 155.3 130.4 15.7 0 0 0 0 0 0 
50 1 123.9 229.8 56.7 0 0 0 0 0 0 
50 1 29.3 44.3 67.2 0 0 0 0 0 0 
50 1 76.6 43.4 37.0 0 0 0 0 0 0 
50 1 182.4 32.3 186.9 0 0 0 0 0 0 
50 1 148.9 34.9 223.3 0 0 0 0 0 0 
50 1 121.1 130.3 235.3 0 0 0 0 0 0 
50 1 169.5 131.5 138.4 0 0 0 0 0 0 
50 1 120.9 178.9 75.4 0 0 0 0 0 0 
50 1 106.5 90.7 66.9 0 0 0 0 0 0 
50 1 2.9 168.0 87.6 0 0 0 0 0 0 
50 1 144.9 22.1 182.0 0 0 0 0 0 0 
50 1 105.0 73.3 117.0 0 0 0 0 0 0 
50 1 232.9 77.6 152.6 0 0 0 0 0 0 
50 1 75.2 25.5 145.4 0 0 0 0 0 0 
50 1 173.5 207.7 47.6 0 0 0 0 0 0 
50 1 113.2 45.9 185.6 0 0 0 0 0 0 
50 1 14.8 172.1 222.3 0 0 0 0 0 0 
50 1 158.6 173.4 236.7 0 0 0 0 0 0 
50 1 112.1 100.4 39.7 0 0 0 0 0 0 
50 1 99.2 191.7 178.7 0 0 0 0 0 0 
50 1 184.6 98.8 160.9 0 0 0 0 0 0 
50 1 73.1 139.9 129.3 0 0 0 0 0 0 
50 1 72.3 56.4 163.5 0 0 0 0 0 0 
50 1 236.4 156.8 30.1 0 0 0 0 0 0 
50 1 180.9 20.7 16.3 0 0 0 0 0 0 
50 1 222.8 99.8 86.1 0 0 0 0 0 0 
50 1 84.8 154.6 88.1 0 0 0 0 0 0 
50 1 157.0 121.3 1.3 0 0 0 0 0 0 
50 1 134.0 176.4 244.3 0 0 0 0 0 0 
50 1 192.9 204.1 41.2 0 0 0 0 0 0 
50 1 207.4 157.4 150.8 0 0 0 0 0 0 
50 1 94.3 241.3 227.2 0 0 0 0 0 0 
50 1 121.6 211.8 132.0 0 0 0 0 0 0 
50 1 150.3 188.5 227.2 0 0 0 0 0 0 
50 1 165.1 103.8 243.1 0 0 0 0 0 0 
50 1 27.2 56.3 147.9 0 0 0 0 0 0 
50 1 42.8 249.5 113.0 0 0 0 0 0 0 
50 1 247.2 26.8 5.3 0 0 0 0 0 0 
50 1 222.7 59.8 178.7 0 0 0 0 0 0 
50 1 195.1 104.8 160.8 0 0 0 0 0 0 
50 1 223.7 9.3 66.8 0 0 0 0 0 0 
50 1 42.5 25.1 233.2 0 0 0 0 0 0 
50 1 137.9 50.5 54.8 0 0 0 0 0 0 
50 1 82.7 18.7 243.7 0 0 0 0 0 0 
50 1 33.5 246.2 152.3 0 0 0 0 0 0 
50 1 193.1 107.4 153.6 0 0 0 0 0 0 
50 1 240.3 103.5 108.9 0 0 0 0 0 0 
50 1 190.2 66.4 69.3 0 0 0 0 0 0 
50 1 158.1 53.0 162.6 0 0 0 0 0 0 
50 1 24.5 60.4 134.8 0 0 0 0 0 0 
50 1 152.5 199.6 30.5 0 0 0 0 0 0 
50 1 104.2 86.8 159.7 0 0 0 0 0 0 
50 1 112.8 172.2 236.0 0 0 0 0 0 0 
50 1 0.1 2.1 66.5 0 0 0 0 0 0 
50 1 96.7 110.0 165.4 0 0 0 0 0 0 
50 1 231.6 236.5 61.0 0 0 0 0 0 0 
50 1 124.4 138.3 22.3 0 0 0 0 0 0 
50 1 96.0 81.6 151.2 0 0 0 0 0 0 
50 1 31.5 211.4 64.9 0 0 0 0 0 0 
50 1 227.9 154.5 162.3 0 0 0 0 0 0 
50 1 248.3 241.3 77.8 0 0 0 0 0 0 
50 1 105.0 78.4 201.6 0 0 0 0 0 0 
50 1 131.6 218.7 90.7 0 0 0 0 0 0 
50 1 186.9 106.9 218.9 0 0 0 0 0 0 
50 1 28.4 63.3 101.0 0 0 0 0 0 0 
50 1 201.7 6.9 136.0 0 0 0 0 0 0 
50 1 200.9 10.6 71.6 0 0 0 0 0 0 
50 1 53.9 240.0 120.4 0 0 0 0 0 0 
50 1 10.4 218.4 207.6 0 0 0 0 0 0 
50 1 128.7 76.0 166.8 0 0 0 0 0 0 
50 1 111.2 77.6 147.5 0 0 0 0 0 0 
50 1 234.3 245.3 232.5 0 0 0 0 0 0 
50 1 202.0 205.4 32.8 0 0 0 0 0 0 
50 1 66.7 41.0 139.9 0 0 0 0 0 0 
50 1 12.7 113.3 120.6 0 0 0 0 0 0 
50 1 94.0 217.0 20.5 0 0 0 0 0 0 
50 1 168.3 140.8 2.5 0 0 0 0 0 0 
50 1 220.4 212.7 248.5 0 0 0 0 0 0 
50 1 165.8 216.8 143.3 0 0 0 0 0 0 
50 1 181.2 118.8 28.2 0 0 0 0 0 0 
50 1 59.8 188.6 201.1 0 0 0 0 0 0 
50 1 119.2 38.2 38.3 0 0 0 0 0 0 
50 1 132.6 94.9 239.3 0 0 0 0 0 0 
50 1 22.4 188.9 198.4 0 0 0 0 0 0 
50 1 208.1 32.0 153.9 0 0 0 0 0 0 
50 1 83.3 139.6 192.6 0 0 0 0 0 0 
50 1 127.7 137.0 0.7 0 0 0 0 0 0 
50 1 98.3 33.2 195.7 0 0 0 0 0 0 
50 1 57.6 127.0 28.4 0 0 0 0 0 0 
50 1 153.5 54.5 171.4 0 0 0 0 0 0 
50 1 134.3 145.9 171.0 0 0 0 0 0 0 
50 1 62.6 35.2 132.9 0 0 0 0 0 0 
50 1 54.4 66.4 116.9 0 0 0 0 0 0 
50 1 64.8 78.3 207.7 0 0 0 0 0 0 
50 1 54.8 183.8 71.8 0 0 0 0 0 0 
50 1 128.2 96.3 42.8 0 0 0 0 0 0 
50 1 241.5 56.0 128.3 0 0 0 0 0 0 
50 1 52.9 158.1 119.9 0 0 0 0 0 0 
50 1 9.4 230.0 101.3 0 0 0 0 0 0 
50 1 164.6 45.1 225.3 0 0 0 0 0 0 
50 1 232.2 182.3 240.9 0 0 0 0 0 0 
50 1 33.8 164.7 82.3 0 0 0 0 0 0 
50 1 119.2 141.4 181.1 0 0 0 0 0 0 
50 1 229.8 182.0 207.7 0 0 0 0 0 0 
50 1 14.3 66.9 240.4 0 0 0 0 0 0 
50 1 31.7 21.3 192.2 0 0 0 0 0 0 
50 1 165.1 50.0 245.1 0 0 0 0 0 0 
50 1 21.5 18.0 45.7 0 0 0 0 0 0 
50 1 83.1 193.6 219.3 0 0 0 0 0 0 
50 1 68.8 186.9 107.0 0 0 0 0 0 0 
50 1 61.6 109.0 9.7 0 0 0 0 0 0 
50 1 21.4 118.7 75.1 0 0 0 0 0 0 
50 1 249.6 180.8 14.7 0 0 0 0 0 0 
50 1 223.9 111.0 22.5 0 0 0 0 0 0 
50 1 74.9 34.9 22.8 0 0 0 0 0 0 
50 1 140.6 169.8 171.5 0 0 0 0 0 0 
50 1 213.6 3.9 19.9 0 0 0 0 0 0 
50 1 1.8 191.3 222.2 0 0 0 0 0 0 
50 1 249.2 88.1 131.8 0 0 0 0 0 0 
50 1 38.4 56.2 2.2 0 0 0 0 0 0 
50 1 77.8 95.9 112.0 0 0 0 0 0 0 
50 1 145.6 56.7 112.1 0 0 0 0 0 0 
50 1 108.9 11.7 213.5 0 0 0 0 0 0 
50 1 193.7 244.8 91.9 0 0 0 0 0 0 
50 1 240.1 67.7 244.7 0 0 0 0 0 0 
50 1 6.4 170.1 110.3 0 0 0 0 0 0 
50 1 13.7 173.1 230.6 0 0 0 0 0 0 
50 1 4.1 70.9 98.8 0 0 0 0 0 0 
50 1 19.1 96.9 84.1 0 0 0 0 0 0 
50 1 127.3 3.3 165.7 0 0 0 0 0 0 
50 1 161.4 123.3 210.8 0 0 0 0 0 0 
50 1 151.7 220.8 184.6 0 0 0 0 0 0 
50 1 88.7 63.1 7.2 0 0 0 0 0 0 
50 1 214.0 149.3 23.7 0 0 0 0 0 0 
50 1 174.7 232.6 17.1 0 0 0 0 0 0 
50 1 50.7 28.0 249.1 0 0 0 0 0 0 
50 1 74.1 205.7 2.7 0 0 0 0 0 0 
50 1 123.4 231.2 128.5 0 0 0 0 0 0 
50 1 12.3 91.1 146.1 0 0 0 0 0 0 
50 1 132.7 202.5 112.6 0 0 0 0 0 0 
50 1 156.9 244.6 2.3 0 0 0 0 0 0 
50 1 235.8 156.5 78.6 0 0 0 0 0 0 
50 1 125.8 209.8 107.8 0 0 0 0 0 0 
50 1 32.0 124.5 134.2 0 0 0 0 0 0 
50 1 199.5 125.5 174.9 0 0 0 0 0 0 
50 1 39.3 9.7 144.1 0 0 0 0 0 0 
50 1 92.8 13.6 154.3 0 0 0 0 0 0 
50 1 168.1 219.0 194.4 0 0 0 0 0 0 
50 1 135.1 164.7 33.1 0 0 0 0 0 0 
50 1 109.7 20.9 174.9 0 0 0 0 0 0 
50 1 131.6 27.6 24.5 0 0 0 0 0 0 
50 1 198.5 9.9 61.7 0 0 0 0 0 0 
50 1 228.8 138.1 147.7 0 0 0 0 0 0 
50 1 190.5 129.3 107.5 0 0 0 0 0 0 
50 1 215.5 165.4 150.3 0 0 0 0 0 0 
50 1 7.4 239.1 184.6 0 0 0 0 0 0 
50 1 152.3 220.9 117.9 0 0 0 0 0 0 
50 1 245.0 104.3 73.2 0 0 0 0 0 0 
50 1 77.9 111.1 154.6 0 0 0 0 0 0 
50 1 151.9 165.1 70.9 0 0 0 0 0 0 
50 1 17.2 141.6 121.4 0 0 0 0 0 0 
50 1 236.5 40.0 140.7 0 0 0 0 0 0 
50 1 46.6 111.2 85.7 0 0 0 0 0 0 
50 1 147.1 75.2 127.6 0 0 0 0 0 0 
50 1 58.2 169.6 249.0 0 0 0 0 0 0 
50 1 77.2 47.7 98.9 0 0 0 0 0 0 
50 1 137.0 52.3 219.9 0 0 0 0 0 0 
50 1 63.4 37.4 215.7 0 0 0 0 0 0 
50 1 10.6 86.4 123.3 0 0 0 0 0 0 
50 1 30.0 134.2 32.1 0 0 0 0 0 0 
50 1 97.7 87.8 221.3 0 0 0 0 0 0 
50 1 93.8 236.4 2.8 0 0 0 0 0 0 
50 1 208.3 16.5 61.9 0 0 0 0 0 0 
50 1 204.9 246.6 106.3 0 0 0 0 0 0 
50 1 205.4 105.4 14.4 0 0 0 0 0 0 
50 1 249.9 227.4 47.1 0 0 0 0 0 0 
50 1 107.3 83.7 205.6 0 0 0 0 0 0 
50 1 54.3 126.5 179.1 0 0 0 0 0 0 
50 1 233.0 75.4 114.4 0 0 0 0 0 0 
50 1 157.6 96.4 60.3 0 0 0 0 0 0 
50 1 203.6 35.3 96.5 0 0 0 0 0 0 
50 1 195.9 170.7 21.2 0 0 0 0 0 0 
50 1 58.0 93.4 166.0 0 0 0 0 0 0 
50 1 90.1 91.3 159.7 0 0 0 0 0 0 
50 1 231.8 39.6 234.4 0 0 0 0 0 0 
50 1 83.6 10.5 16.7 0 0 0 0 0 0 
50 1 54.7 49.3 109.4 0 0 0 0 0 0 
50 1 18.4 39.3 31.5 0 0 0 0 0 0 
50 1 3.5 159.2 157.0 0 0 0 0 0 0 
50 1 132.6 160.1 61.7 0 0 0 0 0 0 
50 1 20.6 136.7 248.6 0 0 0 0 0 0 
50 1 178.0 70.4 157.2 0 0 0 0 0 0 
50 1 14.3 178.1 90.6 0 0 0 0 0 0 
50 1 85.6 47.7 234.1 0 0 0 0 0 0 
50 1 91.5 169.0 69.5 0 0 0 0 0 0 
50 1 3.1 137.1 87.1 0 0 0 0 0 0 
40 0.01
